# Some of the formulae generated by the sampling (see the PowerAPI's repository).
# @author: Maxime Colmant

a(x) = 90.18100211772799 + (3.205474819910001E-8 * x - 1.5778886140222546E-17 * x * x) * 4
b(x) = 89.91678535950723 + (3.413907478079189E-8 * x - 1.6123712450486037E-17 * x * x) * 4
c(x) = 89.68970555443457 + (3.569634036989102E-8 * x - 1.5498817702512596E-17 * x * x) * 4
d(x) = 90.91658043271491 + (3.333663293066566E-8 * x - 1.3041444594382363E-17 * x * x) * 4
e(x) = 89.79126236117554 + (3.9985158977460974E-8 * x - 1.5370128810306314E-17 * x * x) * 4
